% clear all;

Ra = 11.2;
La = 0.1215;
J = 0.02215;
K = 1.28;
k1 = 1.28;
B = 0.002953;


a = 0.7;

Kp = 20;
Ki = 2;

w_e = 1/2000;
w_de = 1/100000;
w_du = 100000;
w_u = 800;